m a b c d   a b c   Da Db Dc    Ta Tb Tc
0 0 0 0 0   0 0 0   0  0  0     0  0  0
1 0 0 0 1   0 0 1   0  0  1     0  0  1
2 0 0 1 0   0 0 1   0  0  1     0  0  0
3 0 0 1 1   0 1 1   0  1  1     0  1  0
4 0 1 0 0   0 0 0   0  0  0     0  1  0
5 0 1 0 1   0 1 1   0  1  1     0  0  1
6 0 1 1 0   0 1 1   0  1  1     0  0  0
7 0 1 1 1   1 0 1   1  0  1     1  1  0
8 1 0 0 0   0 0 0   0  0  0     1  0  0
9 1 0 0 1   1 0 1   1  0  1     0  0  1
A 1 0 1 0   1 0 1   1  0  1     0  0  0
B 1 0 1 1   1 1 1   1  1  1     0  1  0
C 1 1 0 0   0 0 0   0  0  0     1  1  0
D 1 1 0 1   1 1 1   1  1  1     0  0  1
E 1 1 1 0   1 1 1   1  1  1     0  0  0
F 1 1 1 1   0 0 0   0  0  0     1  1  1

a.) 

F(ABCD)=	A C' D	+	A C D'	+	A B' C	+	A' B C D

b.) 

F = (C+D)(B+D)(B+C)(B'+C'+D')

c.) 

F(ABCD)=	C' D	+	C D'	+	A' D	+	B' D

d.) 

F(ABCD)=	B C D	+	A C' D'

e.) 

F = (D)(B+C')(A+C')

f.) 

F(ABCD)=	C' D	+	A B D