Giuseppe 
801779
Guia 17 

FF D


m a a D                 m b b d
0 0 0 0                 0 0 0 0
1 0 0 0                 1 0 1 1
2 0 0 0                 2 1 1 1
3 0 1 1                 3 1 1 1
4 1 1 1                 4 0 0 0
5 1 0 0                 5 0 0 0
6 1 1 1                 6 1 1 1
7 1 1 1                 7 1 0 0

ab\c 0 1                ab\c 0 1        
00                      00     1         
01     1                01   1 1    
11   1 1                11          
10   1                  10     1           
Da = b.c + a.c'         Db = b'.c + a'.b

-------------------------------------------------------------------------------------------
FF SR

m  a   a    Sa Ra                           m  b   b    Sb Rb                
0  0   0     0  x                           0  0   0     0  x                  
1  0   0     0  X                           1  0   1     0  1                              
2  0   0     0  x                           2  1   1     x  0                  
3  0   1     0  1                           3  1   1     X  0                              
4  1   1     x  0                           4  0   0     0  x                  
5  1   0     1  0                           5  0   0     0  X                  
6  1   1     x  0                           6  1   1     x  0                  
7  1   1     X  0                           7  1   0     1  0                  


ab\c 0 1         ab\c 0 1                   ab\c 0 1         ab\c 0 1                   
00               00                         00               00     1               
01               01     1                   01               01                        
11               11                         11     1         11                     
10     1         10                         10               10                        
Sa = a.b'.c      Ra = a'.b.c                Sb = a.b.c         Rb = a'.b'.c

-------------------------------------------------------------------------------------------
FF T

m  a   a    Ta          m  b   b    Tb
0  0   0     0          0  0   0     0  
1  0   0     0          1  0   1     1              
2  0   0     0          2  1   1     1  
3  0   1     1          3  1   1     1              
4  1   1     1          4  0   0     0  
5  1   0     0          5  0   0     0  
6  1   1     1          6  1   1     1  
7  1   1     1          7  1   0     0  

                                     
ab\c 0 1                ab\c 0 1        
00                      00     1         
01     1                01   1 1      
11  1  1                11   1      
10  1                   10                 
Ta = b.c +a.c'          Tb = a'.c + b.c'